num
4423
4017
2062
872
6255
-502
7534
-1264
2819
-12
7321
4505
2306
-1866
5318
5918
6209
-1143
-983
2076
3444
299
3773
553
1527
6762
5711
6071
1193
7914
7403
-1336
-283
1057
6964
6774
1120
403
-1567
7861
-1938
5569
2322
4161
6604
3880
3638
7744
2866
3857
3316
1500
6850
7302
-423
-1256
-82
-764
1302
-1093
1497
3358
-377
-1670
5130
3122
168
639
1850
-1802
-1864
4927
-1785
4639
-1034
4879
-1265
6964
7249
6779
-984
2895
-1724
1568
7399
3606
6423
5971
2430
-1338
3104
1259
1545
7306
3409
6534
5316
-166
234
668